1.57568
17.7196
10
25.4818
0.447214
0.5547
13.5664
12.911
0.447214
0.707107
6.77324
0.727607
0.848528
14.3648
26.5254
0.742781
48.8778
0.447214
0.632456
3.98983
0.868243
0.447214
60.4902
0.894427
0.632456
0.727607
1.13137
14.736
7
23.0753
0.727607
10.6609
10.1249
0.895533
4.94975
0.685994
0.447214
0.895533
0.883452
15.6933
5
26.3109
52.3927
0.685994
1.25556
3
0.821995
1.34916
70.6742
0.447214
18.0782
0.868243
14.8475
2
22.4237
0.727607
0.632456
0.742781
53.3018
0.5547
0.447214
1.07331
2.56979
2
1.47959
0.447214
64.6902
0.447214
0.632456
0.727607
0.970142
13.8744
3
21.7163
0.632456
53.9188
0.6
0.447214
0.632456
0.905357
1
0.926212
0.895533
1.30158
65.6231
0.742781
0.632456
0.848528
0.868243
15.0108
1
23.4457
0.632456
56.1445
1.1243
2
0.821995
1.31559
72.8256
0.447214
13.7332
0.727607
0.821995
15.4585
5
27.2395
51.4771
0.447214
0.784465
0.821995
2.29713
1.05247
0.447214
69.6149
0.707107
12.7292
0.632456
11.3842
13.5433
3
24.0764
0.784465
51.0923
0.447214
0.980581
2.49032
1.43108
67.971
0.5547
0.784465
14.6241
6
21.3143
0.632456
1.62455
0.447214
8.83643
13.8954
2.40333
6.18859
0.787839
0.632456
1
13.1767
1.47959
2
22.4093
1.37361
0.5547
30.5217
0.447214
10.4215
0.895533
13.1519
0.784465
4
24.1929
0.824163
0.894427
15.4665
11.3614
1.59206
3.03725
0.447214
0.948683
0.784465
1
0.868243
12.8717
2
25.4116
0.727607
53.0571
0.6
0.447214
0.632456
4.79839
1.21646
0.632456
1.57568
0.447214
69.951
0.447214
12.455
0.727607
0.868243
14.3167
23.8948
1.05337
51.9629
0.5547
0.824163
0.868243
1
1.34916
0.5547
68.1175
10.0731
0.632456
0.727607
14.4149
0.447214
2
23.59
0.727607
0.447214
10.7914
10.1068
0.632456
0.447214
0.996546
3.33488
0.5547
0.824163
0.895533
14.5181
1
25.5254
0.632456
1.11066
1.34164
32.0849
0.632456
0.937043
11.9758
0.784465
16.3674
22.4544
0.862044
52.2219
0.6
0.447214
0.784465
1
2.24479
1.53393
0.447214
64.2607
0.727607
15.1777
1
23.4455
1.22053
53.3863
0.447214
0.632456
0.821995
1.95017
0.883452
0.727607
0.632456
0.447214
65.1134
0.447214
1.21842
0.727607
15.9428
24.6289
51.4831
0.447214
0.447214
0.784465
2.5807
0.632456
0.894427
70.0446
17.5842
0.824163
0.819288
13.9196
6
24.4158
1.47043
0.632456
0.5547
0.632456
11.2787
11.6273
2.15385
1.97832
1.28037
0.5547
0.447214
0.821995
15.0171
27.4275
1.26491
49.4883
0.447214
0.824163
0.784465
0.848528
1.76394
0.868243
0.727607
1.05337
71.8311
0.447214
17.3228
0.632456
0.727607
0.632456
15.0264
4
23.5304
0.867722
0.447214
12.9838
10.8142
1.79415
0.447214
1.99822
0.5547
0.685994
1.05337
15.0834
3
26.3413
1.21268
0.6
12.4998
12.7091
0.447214
2.48352
0.5547
0.742781
0.883452
0.868243
14.7536
4
20.6154
0.867722
2.18282
0.447214
0.447214
12.7258
11.4132
1
2.55338
0.447214
0.632456
18.594
14.0997
23.5339
0.727607
47.2341
0.447214
0.632456
2.94827
0.848528
1.1243
0.447214
0.697486
70.4641
0.707107
0.447214
0.727607
13.8624
0.632456
6
25.9852
1.57568
51.4316
0.447214
0.6
0.447214
0.727607
2.27906
0.868243
0.447214
62.0979
0.819288
0.632456
0.727607
17.3345
25.704
1.32337
0.632456
50.7767
0.632456
0.868243
1
1.34655
0.447214
67.1435
14.3279
0.848528
15.4932
0.632456
4
23.4408
1.76695
47.5341
0.447214
0.632456
0.821995
0.883452
1
1.26491
67.5234
15.7948
0.727607
14.5157
6
26.9339
0.742781
0.6
9.68679
10.2066
1
0.848528
2.4327
1.94948
0.447214
0.787839
0.905357
12.3977
0.632456
4
23.6995
0.867722
1.11631
0.447214
12.9479
12.5845
0.447214
2.46632
0.447214
1.05247
0.895533
15.7959
5
22.1243
0.821995
1.05337
50.5351
0.5547
0.447214
0.742781
0.784465
3
0.632456
0.5547
66.4113
0.447214
0.821995
14.6157
3
23.1191
33.4739
0.685994
18.4492
1.26491
0.854358
0.848528
13.7641
4
23.8146
1.08465
0.920358
0.447214
1.11417
9.31933
10.4053
0.821995
1.02899
1.16969
0.784465
16.1941
6
24.7194
0.824163
1.36412
0.5547
14.6879
10.7243
0.727607
2.55827
0.824163
0.821995
12.4425
7
24.8182
0.632456
0.894427
11.5709
9.38295
2.06084
0.640184
2.01839
0.447214
0.632456
1.54604
13.5765
2
28.3756
1.76452
0.5547
0.632456
12.5768
2.60317
1.72045
0.992278
0.632456
1.21268
1
11.707
6
25.6783
0.727607
0.685994
35.0171
0.447214
0.447214
1.11417
8.86998
0.905357
1
13.5331
6
27.4372
57.6831
0.447214
0.894427
1.5784
0.895533
0.784465
0.819288
68.7673
0.6
0.5547
0.632456
11.6847
12.8872
13.288
7
23.9865
0.948683
51.2359
0.447214
0.632456
0.784465
1.84769
1.41288
0.447214
69.1274
0.6
12.239
13.6915
5
23.2515
52.3631
0.447214
0.784465
2
1.69775
68.3875
0.632456
0.821995
0.848528
12.0935
0.632456
7
21.4022
0.894427
0.787839
0.624695
0.894427
33.9318
0.447214
0.447214
10.3825
0.727607
0.848528
1
13.1314
2
22.0582
0.632456
0.447214
30.4412
0.707107
0.6
1.02899
11.2197
0.784465
14.0616
13.8122
6
22.0567
1.69775
0.447214
30.8762
0.632456
0.447214
0.5547
0.895533
11.6863
6
25.1399
0.632456
0.447214
28.9805
0.5547
1.9696
9.04314
0.784465
11.7654
4
22.6731
50.8051
0.447214
0.447214
0.632456
1
3.71673
0.868243
0.727607
0.632456
0.447214
0.447214
63.9307
0.632456
0.848528
12.947
0.867722
0.447214
6
22.0737
1.17634
0.632456
12.7763
12.0269
0.784465
1.92303
0.928477
0.905357
12.2871
0.632456
5
24.5566
53.2406
0.447214
0.5547
0.447214
0.784465
3.77141
0.883452
1.57786
69.2965
0.447214
0.742781
9.38101
0.883452
0.848528
13.8242
1.21268
6
27.5078
1.21268
0.632456
1.38675
0.727607
11.0258
10.1795
1
2.32527
0.447214
0.882258
14.1101
1
14.0129
7
27.17
55.5568
0.447214
0.784465
2.59834
1.21281
0.447214
0.707107
72.777
0.447214
0.868243
1
13.6824
5
23.9427
0.447214
0.6
30.4076
13.4746
0.883452
13.4953
4
25.0213
0.632456
31.5451
0.632456
0.83205
0.447214
0.727607
21.7569
0.848528
12.6353
4
23.5911
1.58114
0.447214
33.3157
0.632456
0.447214
0.707107
0.624695
0.632456
10.8188
0.784465
0.895533
13.1848
4
27.6816
56.3489
0.447214
0.632456
1.67575
0.868243
0.812277
67.723
11.6649
0.727607
0.727607
12.8852
8
23.8378
0.632456
0.744208
31.2013
0.447214
16.0712
0.632456
