60.4722
16.2596
22.3022
1.01705
0.727607
0.784465
0.821995
56.5018
78.0447
0.447214
37.1652
0.632456
0.784465
15.7035
0.854358
0.447214
24.293
0.727607
0.905357
0.447214
56.7934
0.5547
76.3458
0.632456
39.699
57.3738
0.632456
19.3958
26.1728
0.727607
0.848528
0.955619
0.447214
55.8406
75.5047
0.447214
41.7653
57.1281
0.447214
21.7556
0.447214
28.3386
0.727607
0.948091
0.447214
57.0434
75.9257
0.632456
41.3138
59.9357
0.447214
0.727607
20.4243
1.57568
0.894427
2
32.1
0.727607
0.784465
1.47959
0.447214
56.8783
0.447214
78.3325
61.6827
60.7772
0.5547
27.5922
33.2822
0.877058
1.2522
57.3655
0.5547
0.447214
78.937
65.3019
61.2208
59.4026
0.727607
19.6246
2
0.447214
28.8868
1.23625
0.877058
0.970142
1.11749
0.784465
57.8101
0.5547
0.447214
79.9541
61.6584
0.5547
0.447214
0.727607
30.4803
1.47043
0.742781
2.54951
29.6768
1.05247
0.727607
1.10573
57.8287
0.447214
79.7333
63.3903
0.447214
60.6043
0.5547
0.727607
42.4127
27
30.0831
0.970142
1.07331
0.821995
0.447214
58.4905
0.5547
0.632456
80.0226
61.3222
60.6043
63.1696
0.727607
22.3155
0.447214
33.8333
0.899438
58.911
0.447214
80.506
64.2899
0.447214
10.0718
18.5861
1.29987
3.35064
34.8675
0.727607
0.821995
0.925146
0.447214
59.065
80.2671
0.447214
63.774
62.4259
0.632456
0.784465
10.2654
0.632456
20.2464
5.2798
4.91753
1
28.6006
0.848528
0.868243
57.9102
0.5547
0.447214
81.6277
0.447214
65.1114
63.8166
63.8055
9.79871
0.632456
9.66903
0.447214
29.7973
1.09454
0.447214
57.6439
81.3941
63.5011
63.234
37.1941
8
32.7333
1.31519
59.0242
0.5547
82.1727
0.447214
58.4185
0.447214
10.3694
32.7123
11.2864
34.4035
1.30158
1.24639
59.4253
81.3882
0.632456
63.9848
62.1983
0.632456
0.727607
10.1637
0.86155
21.8549
1.09322
3.35196
33.2519
1.15079
0.447214
59.0566
0.447214
82.6949
0.447214
60.0001
60.4605
0.5547
10.9006
0.632456
26.6736
2.68328
4.94975
35.8972
1.4667
1.56893
60.2924
82.6949
0.447214
67.147
66.3844
0.447214
0.821995
11.5901
12.9294
0.742781
7.00272
2.12
33.6313
0.784465
1.31519
0.848528
0.447214
58.5302
0.447214
82.1927
0.447214
63.2307
64.1884
0.632456
0.727607
25.5119
10
32.2483
0.784465
1.2522
57.9966
0.5547
0.447214
82.7456
72.2177
62.7737
0.447214
62.6781
32.3852
0.948683
1
33.8923
1.0644
0.848528
58.9271
0.447214
81.2977
0.447214
63.2227
0.447214
0.727607
41.111
0.632456
0.894427
1.37361
13
34.0123
0.848528
0.868243
0.447214
59.065
0.447214
81.2792
0.447214
62.7435
61.6112
63.2454
40.8774
8
36.7835
0.784465
0.848528
0.447214
58.0421
0.5547
0.5547
81.4405
68.8709
0.5547
0.447214
10.7517
39.8204
10.3047
36.1763
0.784465
1.43309
58.5302
0.447214
83.1547
0.447214
65.0648
65.2048
0.447214
34.8906
1.58114
8.04984
4
39.7234
1.47959
0.447214
58.9325
0.6
0.447214
82.377
65.9843
64.3895
62.9972
10.758
0.632456
31.4194
0.742781
5.92654
37.2661
1.22859
0.821995
59.0566
0.447214
81.8782
0.447214
67.0004
0.447214
0.727607
19.0078
0.447214
33.4962
1.36851
59.0795
0.447214
81.4461
0.447214
64.86
62.425
63.2423
0.727607
15.308
0.5547
3
36.4738
0.821995
0.868243
0.727607
58.0828
81.8148
62.718
63.5068
0.784465
11.2041
0.632456
30.391
34.9017
1.23617
57.7793
82.4627
0.447214
63.4166
62.4038
22.7198
0.632456
0.447214
9
39.2185
0.921443
1.55563
0.883452
58.06
82.1927
0.632456
66.4048
0.632456
0.727607
20.6205
0.632456
0.447214
36.9293
0.986394
58.4288
81.8401
0.632456
69.812
63.5809
63.2455
42.0629
0.727607
38.5104
1.11749
1.24035
58.06
82.5613
0.447214
73.0301
61.2935
40.1617
36.4306
0.986394
59.4889
0.5547
81.5784
68.8122
0.447214
0.727607
10.8301
0.632456
17.3734
14.3331
1.24939
35.3553
0.784465
1.55963
58.8122
81.2098
0.447214
68.651
62.4226
0.632456
0.727607
36.9799
5.35056
7
34.2262
0.821995
0.447214
58.9473
0.632456
80.3443
0.447214
72.2838
62.1925
62.425
0.727607
22.0201
0.447214
36.7636
59.1862
81.9765
0.447214
67.7551
63.5565
10.2799
23.5579
0.632456
8.66461
2
35.8009
0.821995
0.848528
0.447214
58.8884
83.5441
72.0014
61.8544
46.3311
3
38.9447
1.07331
0.848528
59.9161
0.447214
82.6595
0.447214
74.7903
0.447214
0.727607
40.849
1.54349
4
36.5802
1.07331
0.447214
59.51
81.8782
70.4555
61.9757
0.447214
0.727607
25.2812
0.894427
2.9673
9
33.6004
0.93949
55.0058
72.6145
0.447214
42.9608
60.4722
0.848528
4.65389
0.927047
26.1186
1.15865
27.7522
0.926212
0.727607
0.447214
14.0694
38.5442
0.632456
0.447214
12.1764
20.1634
0.727607
2
0.958798
0.883452
0.784465
44.1867
1.78569
0.447214
20.0629
2.04135
1.35673
0.632456
0.5547
0.5547
0.632456
1.68865
1.45907
0.447214
1.11631
0.877058
1.87409
0.632456
0.868243
0.931266
0.905357
0.784465
49.7689
1.22294
17.7695
4.03828
1.31698
1.272
0.624695
0.5547
1.85766
0.894427
9.63099
1.1094
1.03751
1.27279
0.5547
31
40.4881
0.447214
2.55388
1.94359
1.1094
0.447214
0.632456
0.447214
11.2832
5.80963
2.27777
27.5553
6.86003
2.92409
2.12132
10
38.9484
2.41649
0.447214
4.5216
0.632456
25.2393
4.14924
2.23263
63.9986
0.727607
5
33.156
2.49615
4.48579
14.3469
0.447214
7.06439
21.1895
0.447214
0.6
1.27808
1.34807
0.707107
2.87548
0.447214
0.821995
13.5059
33.7376
2.93341
0.824163
1.81987
6.37305
4.75055
39.0251
0.447214
4.37287
0.640184
3.53553
0.6
0.447214
1.25028
1
0.883452
19.3641
16.3767
3.0678
0.742781
0.447214
5.55341
0.784465
0.447214
10.3288
0.447214
1.21268
0.6
9.56239
43.4569
0.447214
0.992278
2.60317
26.9596
3.53009
2.42536
4.80022
0.447214
62.2712
4.44949
1.03479
5.68677
0.447214
18.5709
40.4939
0.447214
2.32527
1.47755
0.447214
26.1429
1.21268
0.447214
6.54858
0.784465
0.632456
0.447214
68.3011
4.29208
0.447214
7
13.0786
4.60818
36.9622
0.6
0.447214
1.17696
23.4945
0.632456
1.65119
7.15542
67.8205
1.50529
2.39331
8
33.5507
0.632456
0.447214
3.63811
0.447214
1
58.0219
2.71803
1.07331
0.447214
57.4803
3.77135
4.66497
1.75156
0.821995
15.9235
17.2784
3.50615
0.447214
0.632456
5.48233
0.727607
0.447214
9.34865
0.685994
0.821995
0.9135
19.4155
1.38462
4
15.8049
2.30159
1.07331
0.447214
4.76948
1.1767
15.7634
2.94174
0.447214
6
9.32011
33.2125
0.632456
4.09644
0.447214
1.79252
1.85996
0.447214
24.1442
0.894427
0.707107
0.447214
2.22834
69.8041
4.51186
0.877058
2.37235
0.447214
6
32.5263
1.84072
3.78317
30.5799
1.02899
8.19547
1.26491
0.632456
66.1065
0.624695
0.707107
2.09893
0.5547
0.5547
18.0956
32.5955
3.56291
0.640184
0.447214
1.53911
19.6013
0.632456
2.2188
5.07229
0.447214
0.685994
49.9715
4.78725
0.9135
2.12132
1.11494
0.447214
5
9.89203
41.0611
3.9794
1.61245
2.8201
0.447214
30.5685
0.447214
6.55091
53.3353
1.35588
1.62103
3.89896
1.86946
0.905357
0.821995
13.5171
0.867722
13.2903
1.97269
0.784465
0.447214
0.5547
0.447214
6.24057
0.824163
0.632456
5.50559
0.447214
2.01555
0.883452
13.5458
13.3773
1.70685
0.727607
0.632456
0.447214
0.447214
0.727607
5.8426
1.37281
5.27231
0.664364
0.727607
0.848528
0.926212
0.931266
0.868243
0.821995
13.8552
0.447214
14.8118
0.883452
1.5474
0.632456
0.5547
0.447214
0.821995
0.948815
0.5547
5.35943
0.707107
0.447214
0.727607
0.821995
1.21475
0.632456
1.08776
0.821995
14.796
0.784465
24.1868
0.821995
0.883452
0.960828
0.868243
0.824163
0.632456
0.5547
9.9107
0.6
0.447214
4.10997
1.35467
0.5547
1.18927
0.5547
58.7121
0.821995
22.4772
33.2553
0.447214
69.1395
66.108
6.14016
0.5547
0.447214
29.7722
36.4714
0.632456
0.447214
74.2439
0.447214
80.9538
60.9354
72.7139
0.894427
1
25.4642
37.4719
0.632456
0.447214
73.831
0.447214
80.6035
0.447214
63.5695
72.311
70.1354
1.69156
25.1077
0.819288
0.447214
37.5911
0.632456
74.2509
0.447214
81.7879
0.632456
63.1931
69.6099
25.8533
36.6111
0.632456
0.447214
73.537
0.447214
81.4315
63.8192
67.3553
0.727607
24.2339
37.8551
0.632456
0.447214
74.6191
0.447214
80.285
0.632456
65.1717
0.447214
0.727607
25.6738
0.447214
39.5514
0.632456
0.447214
74.1946
0.447214
79.8521
0.447214
63.649
66
67.4327
23.1145
0.948683
35.8938
0.632456
74.4227
0.447214
79.9609
65.4229
66.628
21.8975
0.632456
0.447214
36.7613
0.447214
74.542
80.8874
0.447214
61.9336
0.447214
23.2496
0.632456
37.2235
0.727607
0.5547
73.6588
0.447214
80.65
64.846
66.3479
66.4586
23.6629
38.5438
0.632456
0.447214
72.8254
0.447214
80.4215
0.447214
62.1071
65.1318
24.8073
38.528
0.447214
72.8934
0.447214
80.5962
61.6167
65.6711
0.727607
22.6051
39.0908
0.447214
73.0737
0.632456
79.355
0.447214
62.1071
65.0614
21.4395
1.11417
37.5674
0.447214
72.5976
79.5512
0.632456
59.7791
0.447214
22.8255
0.632456
0.819288
0.447214
37.0063
0.447214
72.6701
0.447214
79.3607
0.447214
61.8472
65.8423
0.447214
25.0426
38.9029
0.632456
0.447214
72.4418
0.447214
78.1148
60.6847
66.0559
0.447214
0.961524
21.8687
36.6093
0.447214
0.5547
72.2182
0.727607
79.2309
0.632456
0.447214
60.6276
64.2788
0.447214
23.9777
37.7911
0.447214
71.7316
77.7252
0.632456
60.6276
63.5812
63.5625
23.5179
37.3707
0.447214
72.3256
78.1664
64.5173
0.727607
0.784465
22.4868
37.4849
0.447214
71.835
0.447214
78.4183
0.447214
59.7422
63.8306
0.447214
63.0346
0.727607
20.4594
0.632456
0.447214
36.9659
0.447214
72.0668
75.0808
0.447214
60.5447
63.5863
0.727607
25.2758
38.0416
0.447214
70.3055
76.2898
0.727607
60.9164
65.614
28.2132
0.632456
5
40.916
0.447214
71.601
80.0942
71.107
65.7597
0.727607
26.8936
7
41.9695
0.447214
71.2013
0.447214
81.5784
0.727607
74.0302
64.2788
25.9124
0.447214
41.0446
0.447214
70.5319
80.6453
0.632456
74.1374
0.447214
0.632456
0.784465
24.5645
38.893
0.447214
0.5547
70.183
0.447214
80.5863
0.447214
68.9892
63.6348
65.6414
23.8699
1.77088
42.7387
0.5547
69.0988
79.4925
75.7973
64.1301
0.727607
22.346
0.447214
0.744208
0.6
0.5547
41.2976
0.632456
70.1049
0.447214
79.7213
70.3801
65.3408
24.2513
2
41.8387
0.5547
69.7785
79.5463
66.9537
65.3996
26.6196
3
39.6599
0.447214
69.0443
79.8725
62.2813
63.425
0.784465
0.727607
22.7763
1.11417
0.447214
2.97113
38.8039
0.447214
68.2752
80.4661
66.6348
0.447214
0.821995
20.7442
0.632456
2.66789
4
34.8953
0.447214
60.1737
78.9363
0.447214
60.5637
57.4027
20.7685
1.69963
0.980581
51.4628
0.707107
4.40901
3.3955
27.2655
3
1.34164
16.4211
0.447214
0.447214
64.3526
0.727607
0.447214
0.784465
1
0.946059
0.848528
44.8129
0.784465
0.727607
0.447214
20.6856
9.2956
0.848528
0.632456
0.447214
0.5547
27.9331
1.02899
0.742781
2.23821
41.3824
1.45521
0.447214
2
20.4304
9.27913
0.821995
0.632456
0.447214
0.447214
0.632456
0.5547
27.4169
0.905357
4.32374
0.868243
46.0222
6
19.9889
9.85167
0.632456
0.447214
26.6163
0.447214
28.0337
2
0.727607
20.4061
4.02492
21.6421
10.7332
0.727607
0.447214
0.447214
2.49922
1.07331
48.9661
7
20.3329
1
10.1334
0.447214
29.8802
1.05045
29.4768
4.44232
0.883452
21.333
0.632456
17.624
10.3973
0.821995
0.632456
0.447214
0.447214
0.447214
3.16875
0.784465
20.3374
0.447214
18.1968
8.73293
0.727607
0.632456
0.447214
0.447214
29.7837
0.447214
2.88517
20.0089
1.45241
6.04645
20.0886
9.14177
0.848528
0.727607
0.447214
29.4627
0.447214
3.27438
0.821995
22.0384
1.53252
0.632456
20.9153
10.3902
0.821995
0.727607
0.447214
0.447214
30.4113
0.632456
2.20807
0.920358
22.1512
18.2083
9.08102
0.784465
0.632456
0.5547
30.7837
0.632456
2.49136
19.5837
0.447214
0.883452
18.5588
9.21274
0.784465
0.727607
0.447214
0.5547
32.0892
0.447214
0.447214
2.52222
0.784465
29.3565
17.1626
8.04747
0.821995
0.727607
0.447214
0.5547
31.5478
0.447214
1
1.74659
20.1909
0.632456
18.0487
0.895533
8.22855
0.727607
29.8546
0.727607
2
0.94299
0.868243
23.9078
4
17.4035
9.32822
0.848528
0.867722
0.5547
0.447214
29.9749
1.11417
0.848528
2.07614
0.883452
45.748
4
19.3517
1
9.1287
0.848528
0.784465
0.632456
0.5547
0.707107
0.447214
30.2645
0.632456
1.72018
0.821995
16.1811
0.447214
15.6947
8.43436
0.862044
0.447214
0.5547
0.447214
0.447214
28.6056
0.447214
0.447214
3.80368
16.9714
0.970142
0.447214
14.0936
8.27537
0.912343
0.727607
0.447214
0.447214
28.7598
0.447214
3.71197
17.5195
0.632456
13.7505
7.49283
1.05157
0.821995
0.784465
0.447214
0.447214
27.7098
0.632456
0.883452
2.58722
18.1016
13.3547
6.65758
0.995037
0.727607
0.632456
0.447214
27.1761
0.883452
2.20863
17.7772
1.05247
13.1741
7.16827
0.883452
0.848528
0.727607
1.09888
25.465
0.632456
0.447214
3.90052
16.653
0.784465
11.9532
6.51061
0.821995
0.784465
0.742781
24.5645
0.727607
4.03112
18.0656
0.632456
12.114
7.18172
0.883452
0.727607
0.447214
59.51
0.632456
25.754
29.9776
2.7188
16.9892
0.447214
0.929981
0.707107
10.5701
0.727607
0.447214
70.4474
0.447214
0.5547
29.2807
1
2.22043
0.848528
0.821995
15.6051
0.727607
11.1918
0.848528
0.632456
0.447214
0.447214
68.9538
0.447214
0.447214
28.9398
3.68782
16.9015
0.447214
10.1289
1
0.632456
0.447214
0.632456
68.1978
0.447214
0.5547
29.1823
2.65746
0.821995
15.3554
0.784465
12.7978
0.784465
0.632456
69.4084
0.447214
0.5547
0.447214
29.2102
2.56489
0.821995
16.2707
11.3422
0.821995
0.727607
69.0298
0.447214
0.447214
28.9459
1.57059
16.8195
12.5393
0.784465
70.818
0.447214
0.447214
0.784465
3.03653
17.0074
12.0649
1
0.895533
0.632456
0.447214
70.3873
0.632456
0.447214
31.7522
29.5161
3.43754
0.821995
16.1935
10.3819
0.848528
0.632456
0.447214
69.5768
29.6345
3.30823
0.848528
15.9076
0.727607
0.447214
11.3641
0.821995
0.632456
0.5547
0.447214
69.9727
0.447214
0.447214
29.5702
2.55185
16.3365
11.3495
0.784465
0.727607
68.364
0.727607
0.447214
0.5547
0.727607
29.9453
2.3612
18.3286
0.727607
0.632456
11.4089
0.848528
71.6677
0.447214
0.5547
0.5547
0.447214
30.3119
2.73753
18.1303
12.2683
0.784465
0.632456
0.447214
0.447214
73.0949
0.447214
0.632456
29.6072
3.10642
18.575
0.447214
12.0398
0.727607
0.447214
72.8411
0.727607
0.447214
0.5547
23.1254
1
1.19404
16.967
1.06887
13.5958
0.727607
0.447214
73.7199
0.5547
0.5547
0.632456
1.45086
0.848528
0.821995
15.9968
0.867722
12.7249
0.895533
0.447214
0.447214
72.1455
0.447214
0.447214
0.632456
18.0576
3.77152
13.8316
1
1.60863
0.912343
17.2652
12.2709
0.784465
0.447214
0.447214
69.7472
0.447214
43.5098
0.447214
0.848528
15.748
0.959233
0.895533
0.848528
17.9522
12.5829
0.447214
0.447214
63.0212
55.5022
0.447214
15.602
1.85214
0.912343
17.5638
0.632456
14.1631
0.447214
0.447214
59.2254
61.3022
0.632456
15.8661
1
0.848528
0.821995
18.3629
15.6109
0.868243
0.632456
58.0385
59.0057
0.447214
0.979388
1
0.905357
0.821995
16.7826
0.784465
0.632456
0.447214
13.1795
0.447214
0.447214
58.5712
58.54
0.447214
15.4207
15.3181
1
0.848528
18.1656
0.632456
0.894427
14.4523
0.727607
0.632456
51.0981
58.0107
0.447214
0.727607
1.08978
1.56528
0.821995
15.6757
0.632456
0.447214
15.1824
0.883452
0.727607
0.447214
48.0926
55.9266
0.632456
15.2438
15.1915
0.96613
17.7995
13.4416
0.868243
0.727607
0.447214
0.447214
51.571
53.1046
0.447214
16.0578
1
0.97532
0.821995
18.8209
0.727607
0.632456
13.7955
0.632456
0.447214
0.447214
53.3251
53.3309
0.447214
0.6
0.447214
0.931266
1.68668
0.895533
17.8914
13.1477
1
0.727607
56.2683
52.7273
0.447214
0.5547
0.447214
0.784465
15.3446
1.37939
2
0.848528
16.7305
14.9853
0.447214
0.447214
56.602
52.1237
0.447214
0.848528
14.4111
14.4895
2
0.9135
17.1341
0.784465
0.727607
13.0638
0.883452
0.5547
0.447214
56.735
48.2309
0.447214
0.632456
14.4857
1
0.821995
18.1587
0.970142
0.742781
15.1765
1
0.727607
0.447214
0.447214
54.9256
49.7667
0.447214
0.447214
0.727607
1.65804
0.848528
16.7702
0.727607
0.447214
14.5498
0.447214
0.447214
56.185
50.5916
0.727607
14.3556
0.935674
0.905357
1.70294
0.894427
15.2971
0.961524
0.632456
16.7473
0.905357
0.447214
59.977
47.1709
0.5547
0.447214
15.7773
0.727607
3.3938
0.868243
16.5547
13.5513
0.632456
0.447214
55.7832
38.4118
0.447214
21.5255
0.447214
0.895533
0.784465
17.2565
13.0191
0.447214
59.6771
37.9269
57.9484
0.632456
0.925146
19.1558
11.875
0.632456
0.447214
58.0897
37.5799
55.8359
0.447214
19.2007
0.867722
13.6303
0.868243
0.447214
0.447214
63.4522
41.456
53.737
0.447214
0.848528
21.8341
13.4384
0.895533
0.447214
61.7552
39.1869
0.447214
54.3637
0.784465
20.7163
13.4474
0.727607
0.447214
60.6233
36.186
0.447214
56.4991
53.033
0.868243
17.9405
13.6113
0.447214
0.447214
69.6344
36.9986
0.447214
0.784465
19.9637
1.09888
0.632456
12.7226
0.447214
0.632456
61.3399
38.896
55.0328
0.821995
18.7786
13.7307
0.447214
0.447214
59.9193
36.8763
55.7287
0.5547
20.4753
0.948683
13.0705
0.821995
0.447214
0.447214
57.2156
39.9422
54.3841
0.447214
0.821995
23.0005
0.632456
0.742781
0.447214
14.3844
0.727607
0.447214
0.447214
57.9552
37.9473
56.3034
0.447214
0.784465
20.8526
13.3238
0.727607
0.447214
63.3393
40.6118
57.1109
0.447214
23.4216
13.7019
0.5547
0.447214
65.0148
41.5237
56.4518
0.821995
20.4789
0.727607
12.9797
0.632456
0.447214
0.447214
63.886
41.3926
55.7581
22.9478
12.1624
0.447214
67.3088
41.0985
56.4541
0.727607
0.784465
21.7486
0.862044
0.632456
12.7336
0.784465
0.447214
0.447214
0.632456
61.8466
44.0543
59.141
0.447214
23.9639
12.8786
0.447214
0.5547
0.447214
66.3437
40.3761
59.8845
0.877058
20.7831
0.447214
0.744208
12.8857
1
0.727607
0.447214
0.447214
67.7236
43.4301
0.447214
57.8189
22.6433
12.4944
0.632456
0.447214
67.3665
44.4846
0.447214
59.282
0.727607
22.5538
13.4869
0.895533
0.447214
70.2995
44.8673
60.3585
0.447214
0.727607
22.4011
0.447214
11.601
0.632456
0.447214
67.0809
50.8702
59.307
22.2844
0.447214
12.9032
1
0.821995
0.447214
68.9787
54.8552
60.7178
0.447214
23.5347
13.0958
0.848528
0.447214
0.447214
66.2979
60.4002
60.4173
61.3913
22.9436
13.6087
0.632456
0.447214
68.9217
68.9379
0.447214
60.7943
26.8495
13.7045
0.632456
0.447214
70.9883
71.2374
0.447214
0.447214
24.7568
12.3669
0.447214
0.447214
71.5803
72.327
61.7317
0.447214
28.0613
13.0713
0.784465
0.5547
0.447214
75.9949
73.1858
65.089
68.4073
30.7968
12.6871
0.447214
77.6815
76.979
68.8974
29.5236
0.447214
12.5099
0.447214
81.0479
77.792
0.5547
66.255
28.1924
14.1087
0.632456
0.447214
0.5547
0.447214
81.2592
80.0537
0.447214
65.2932
27.6943
0.894427
13.5885
0.784465
82.4487
79.9298
0.447214
64.844
28.4225
0.447214
14.1671
0.727607
0.5547
0.447214
82.1038
79.1736
63.5572
30.2566
12.8251
1
0.632456
0.447214
80.1514
79.7901
0.447214
64.4048
28.1367
0.821995
12.3808
0.821995
0.447214
0.447214
80.5848
80.2973
0.447214
0.447214
65.7911
28.9904
13.5167
0.5547
80.6037
79.8118
60.9081
26.8952
12.2941
0.784465
0.447214
81.0482
78.8372
0.447214
57.3274
27.5772
17.6888
17.6364
0.447214
0.447214
78.6985
77.7906
0.447214
0.447214
51.2254
31.3037
21.8917
11.3445
0.632456
78.3134
77.435
49.1007
32.2473
24.7684
0.632456
56.5105
0.5547
0.447214
76.1877
76.1342
0.447214
0.447214
0.447214
44
29.2767
0.894427
27.7071
0.447214
60.6266
0.447214
76.2332
78.5491
0.447214
43.0983
27.579
0.894427
27.7945
0.447214
60.72
0.5547
0.447214
77.1314
76.0389
0.447214
41
30.6261
28.8611
0.447214
60.5674
0.447214
77.1114
78.5432
0.447214
41
28.6683
29.0965
0.632456
0.447214
61.4827
0.447214
77.0981
77.992
78.8808
40
27.2384
31.5208
0.632456
0.447214
63.0183
0.447214
77.068
0.632456
74.5505
36
25.9523
0.447214
0.447214
30.899
0.632456
0.447214
64.5913
76.6418
0.632456
75.8833
34
25.6769
0.447214
0.685994
0.447214
32.7591
0.727607
0.5547
64.6651
76.0695
73.723
35
25.008
0.447214
0.798087
33.5951
0.632456
0.447214
66.5004
0.447214
76
35
27.2472
33.1135
0.447214
66.4244
0.447214
76.9836
0.632456
73.1561
76.2701
36
26.0525
0.447214
0.5547
0.877058
34.9277
0.632456
0.447214
0.5547
67.6104
77.4786
77.0059
37
28.0569
0.447214
34.5887
0.447214
66.8045
0.447214
76.5493
44.8762
28.829
33.5859
0.447214
67.0553
0.447214
77.0543
74.5593
0.632456
51.3341
29.3901
0.447214
0.992278
0.5547
33.1815
0.447214
67.1586
0.447214
75.5555
73.343
0.447214
60.5391
35.7281
32.5223
0.632456
0.447214
67.5538
76.0313
74.5523
0.447214
67.6171
35.946
33.0752
0.447214
67.5626
0.447214
76.7499
75.8202
0.447214
0.447214
0.632456
35.9507
0.447214
0.5547
33.2448
0.447214
67.7134
0.447214
76.2811
77.5238
0.447214
66.7878
0.447214
0.632456
34.9794
1.11688
36.5585
0.447214
67.3095
74.0103
77.9222
0.447214
0.5547
66.5451
67.9509
39.0587
33.5765
0.5547
66.8996
0.447214
71.4
78.0664
0.447214
69.3904
39.3403
34.9803
0.5547
67.6411
0.447214
68.0587
79.2414
0.447214
0.447214
41.2071
32.9287
0.447214
67.2721
0.447214
65.739
76.6829
0.447214
68.2801
0.447214
42.3186
33.4527
0.632456
0.447214
66.5466
60.9256
77.9233
0.5547
70.4567
71.8022
40.8705
33.4312
0.447214
67.7715
62.2572
79.7123
0.447214
69.1425
42.7076
32.1006
0.5547
68.0505
63.9515
80.4472
0.447214
71.3379
0.632456
37.7913
0.447214
33.1252
0.727607
0.5547
68.0601
61.8808
0.632456
80.6536
0.447214
71.3724
42.062
33.0868
0.727607
0.447214
69.2079
62.3518
0.447214
79.4767
0.447214
68.5356
39.3901
35.1685
0.632456
0.447214
67.7381
59.1646
0.447214
78.4175
0.447214
0.632456
41.2794
33.7358
0.632456
0.447214
69.3526
63.5043
79.537
69.9094
71.303
39.4342
0.5547
33.5793
0.632456
68.5628
62.2599
0.447214
79.4767
0.447214
0.5547
0.447214
0.727607
40.0184
34.4333
0.632456
69.3812
63.9515
79.5163
0.447214
68.0951
0.632456
0.727607
38.6738
34.867
0.632456
68.6885
63.1517
0.447214
78.2484
68.9213
68.2801
36.2542
0.447214
36.6697
0.447214
68.7252
61.1273
77.9667
65.6672
0.727607
35.0481
35.8916
0.632456
0.5547
69.128
63.4401
0.447214
80.4842
0.447214
62.2002
33.6396
0.948683
0.447214
38.0959
0.5547
68.3599
0.447214
67.3773
81.5984
0.447214
0.447214
56.9724
32.8962
37.0846
0.447214
65.9139
68.7342
75.8655
32.6825
40.0165
0.632456
0.447214
57.5337
0.447214
37.9115
41.5625
0.447214
0.784465
26.6001
0.727607
0.447214
38.4769
0.632456
0.447214
42.4069
0.447214
0.447214
26.4569
39.2486
0.727607
0.447214
42.8017
0.447214
0.447214
0.883452
0.848528
24.8157
39.5949
0.447214
43.8728
0.447214
0.883452
25.5751
39.7383
1
0.632456
0.447214
0.632456
42.1409
0.447214
27.0341
38.634
0.727607
43.3274
0.447214
0.883452
25.9655
0.447214
39.1783
0.632456
0.447214
0.632456
43.8754
0.632456
24.1223
0.632456
0.5547
38.3206
0.447214
0.447214
46.7943
0.447214
0.632456
25.9379
0.727607
0.928477
37.5298
0.447214
0.447214
47.1707
0.727607
0.632456
0.895533
24.4725
0.727607
0.447214
37.8247
0.447214
0.447214
45.727
0.447214
0.821995
25.9246
38.4962
0.632456
0.5547
48.0777
0.784465
27.2233
37.429
0.447214
49.7762
0.784465
25.6534
0.727607
0.838116
37.429
0.447214
0.447214
48.0865
0.447214
0.447214
0.848528
23.4593
0.727607
38.2403
0.727607
0.447214
0.447214
46.5668
0.447214
0.447214
0.821995
26.6794
37.6875
0.632456
46.4072
0.447214
27.3738
0.632456
37.976
0.632456
0.447214
46.3847
0.632456
0.447214
0.821995
29.0568
0.447214
38.401
0.727607
0.447214
0.447214
48.4129
0.447214
0.447214
32.8334
31.4945
0.784465
41.4659
0.447214
29.5644
15.7035
5.67027
0.812277
3.60555
0.447214
24.8508
0.784465
21.8202
0.948683
9.72401
1.92574
0.986394
0.926855
0.727607
0.948683
0.5547
0.5547
0.447214
0.447214
7.74333
11.6433
0.447214
0.821995
21.4032
0.727607
0.447214
9.30319
1
0.868243
0.784465
0.970142
0.632456
0.447214
0.5547
0.5547
0.447214
0.632456
1.27279
0.901819
0.447214
14.0901
0.632456
19.507
9.69319
1
0.848528
0.784465
0.727607
0.632456
0.447214
0.5547
0.632456
0.727607
0.939552
0.848528
0.447214
16.2205
0.447214
1.18176
0.727607
19.6143
0.784465
8.42937
1.65732
0.784465
0.824163
0.632456
0.447214
0.5547
0.6
0.447214
0.821995
1
0.94299
0.632456
0.5547
16.6942
0.447214
0.632456
1
18.125
0.784465
0.447214
0.447214
0.895533
7.5487
0.939552
2.33891
0.868243
0.867722
0.632456
0.6
0.6
0.447214
0.868243
0.905357
0.883452
18.6115
0.742781
0.784465
1
0.93473
20.3559
0.727607
0.447214
8.27699
1
0.848528
0.727607
0.447214
0.5547
0.5547
0.447214
0.632456
0.821995
0.931266
0.920358
0.447214
15.6237
0.447214
0.895533
21.8301
7.89545
1.89895
0.848528
0.824163
0.447214
0.5547
0.447214
0.632456
0.895533
1.43122
0.447214
15.3234
0.447214
0.821995
0.447214
1
19.3046
8.56103
0.96613
1.34164
0.939552
0.784465
0.632456
0.447214
0.5547
0.6
0.447214
0.784465
0.960332
0.447214
0.5547
0.5547
17.3077
1.1767
22.7012
0.821995
0.632456
9.11296
1
1.23844
0.926212
0.727607
0.447214
0.5547
0.727607
0.821995
1.25221
0.447214
0.5547
17.9788
0.948683
0.727607
1.86052
2.10859
16.7602
0.784465
0.727607
0.447214
0.727607
7.2164
1.567
1
1.55496
0.821995
0.632456
0.447214
0.5547
0.6
0.447214
0.632456
0.883452
1.41177
0.868243
0.5547
18.4759
0.447214
1.67899
19.2851
8.39602
1
0.905357
0.727607
0.632456
0.5547
0.6
0.447214
0.632456
1.92367
0.447214
0.5547
15.6894
0.727607
0.942163
23.7066
8.78819
1
0.978502
0.727607
0.632456
0.5547
0.6
0.5547
0.447214
0.784465
1.02899
0.5547
21.1566
0.894427
0.632456
1.86052
19.4887
0.784465
0.632456
9.3575
0.982613
0.784465
0.862044
0.447214
0.624695
0.6
0.5547
0.447214
0.784465
1.19904
0.632456
0.5547
18.2457
18.0475
1.15045
20.7154
7.59625
1
0.821995
0.980581
0.632456
0.447214
0.5547
0.447214
0.632456
0.948815
0.447214
0.821995
20.9687
9.41611
1
0.784465
0.824163
0.632456
0.447214
0.6
0.640184
0.5547
0.632456
1.17782
0.447214
20.8013
0.868243
21.2385
0.727607
9.22149
1
0.727607
0.632456
0.447214
0.5547
0.5547
0.447214
0.632456
0.957503
0.447214
23.4155
0.447214
19.5904
0.948683
8.66758
0.971847
0.926212
0.867722
0.727607
0.632456
0.447214
0.624695
0.5547
0.447214
0.727607
0.5547
25.5123
33.4121
21.1336
0.848528
0.727607
8.61895
2.29472
0.821995
0.727607
0.632456
0.447214
0.5547
0.447214
0.995037
0.447214
0.5547
0.447214
0.997459
18.3882
9.6262
1.77045
0.883452
0.784465
0.727607
0.447214
0.5547
0.632456
0.883452
0.926212
0.632456
0.447214
0.5547
0.5547
49.2143
0.632456
17.4586
10.8385
1.83308
0.920358
0.727607
0.447214
0.447214
0.727607
0.784465
0.905357
0.447214
0.5547
47.7446
0.447214
1.31215
16.3116
0.447214
11.7287
2.47588
0.727607
0.632456
0.447214
0.5547
0.632456
0.727607
0.784465
0.883452
0.447214
45.7364
0.5547
0.447214
1.32518
13.6101
0.867722
0.742781
0.447214
13.9551
2.28402
0.905357
0.727607
0.447214
0.5547
0.447214
0.632456
0.784465
0.848528
0.632456
0.447214
41.7188
0.447214
0.980581
0.848528
0.895533
1
13.4249
14.7265
0.632456
0.5547
0.5547
0.447214
0.632456
0.727607
0.784465
0.447214
35.9177
0.894427
1.19571
0.821995
11.2611
1.4538
0.821995
15.4617
0.632456
0.5547
0.5547
0.447214
0.632456
0.727607
0.784465
0.632456
0.5547
28.8707
0.5547
0.877058
0.727607
0.868243
12.1928
1.37281
0.447214
20.6326
0.727607
0.5547
0.6
0.5547
0.447214
0.632456
0.727607
0.447214
29.919
0.5547
0.742781
0.632456
0.824163
2.13719
0.848528
0.926212
1.54758
10.5586
0.862044
0.787839
16.7935
0.5547
0.6
0.5547
0.447214
0.632456
0.784465
0.632456
0.5547
29.7693
0.5547
0.447214
0.742781
0.948683
0.784465
0.848528
1
11.7463
0.848528
0.784465
0.632456
18.2478
0.848528
0.447214
0.6
0.447214
0.632456
0.784465
0.632456
0.5547
26.6974
0.447214
1.07692
1.05337
0.821995
0.821995
1.49813
0.939552
10.3076
0.447214
15.4882
0.848528
0.447214
0.6
0.5547
0.632456
0.727607
0.784465
0.632456
0.447214
0.5547
29.7739
0.5547
0.685994
1.78569
0.727607
0.784465
8.78155
0.784465
1.26491
0.447214
17.3036
0.848528
0.447214
0.5547
0.624695
0.5547
0.632456
0.727607
0.784465
0.632456
0.447214
29.5006
0.5547
0.447214
1.11749
0.948683
0.970142
0.784465
10.7585
0.784465
0.787839
0.447214
19.9858
0.447214
0.5547
0.697486
0.447214
0.632456
0.727607
0.821995
0.727607
0.447214
27.9028
0.744208
0.948683
1.1241
1.21646
1.31215
10.5796
0.905357
0.848528
18.0025
0.727607
0.5547
0.697486
0.632456
0.784465
0.632456
27.3011
0.5547
0.447214
1.11688
1.05045
0.995893
10.6825
0.821995
0.867722
17.952
0.447214
0.5547
0.447214
0.727607
0.447214
28.3495
0.5547
1.63858
0.727607
0.727607
1
11.0874
0.895533
1.86052
18.6842
0.727607
0.447214
0.6
0.447214
0.632456
0.727607
0.784465
0.632456
29.1174
0.447214
1.55334
0.632456
0.821995
1.49813
11.0486
0.867722
16.4057
0.632456
0.5547
0.632456
0.821995
0.632456
0.447214
0.5547
27.2806
0.6
0.447214
1.14354
0.784465
0.970142
0.939552
8.31249
0.9135
0.883452
1.08465
17.6807
0.447214
0.5547
0.447214
0.632456
0.784465
0.632456
0.447214
26.1695
0.685994
0.447214
0.742781
1.24035
10.377
21.7007
0.848528
0.632456
0.5547
0.640184
0.5547
0.447214
0.447214
0.624695
13.1472
0.5547
0.447214
0.787839
0.632456
0.727607
15.3756
29.4728
0.632456
0.447214
59.3899
0.727607
0.632456
0.447214
29.7024
38.0244
1
1.09454
16.8291
1.47959
27.0001
3.14329
0.632456
46.3486
0.447214
0.632456
0.727607
0.447214
35.6397
14.6522
0.784465
0.727607
0.707107
25.3745
2.89714
0.727607
0.447214
31.7322
0.447214
0.447214
33.6281
14.4038
1.10282
26.617
0.848528
3.12358
0.727607
0.632456
0.447214
17.4641
0.447214
0.632456
0.447214
0.447214
31.3406
12.0532
0.784465
25.4996
0.848528
2.54922
0.824163
0.447214
8.94427
0.6
0.447214
0.632456
0.447214
28.3219
16.4554
25.2394
0.821995
0.784465
3.05265
0.727607
0.632456
0.447214
6.14302
0.447214
0.447214
0.727607
11.3435
0.784465
26.1172
0.867722
2.55709
0.727607
0.742781
0.447214
4.61927
0.5547
0.632456
0.632456
0.447214
0.5547
25.9345
0.727607
13.5765
25.8146
0.727607
3.19731
0.632456
0.447214
4.27202
0.5547
0.6
0.6
0.447214
0.632456
0.447214
24.225
1.37433
13.3222
27.51
0.784465
3.42815
0.742781
0.447214
4.49
0.5547
0.447214
0.447214
23.1896
0.727607
0.868243
15.1321
25.6089
0.784465
0.727607
2.80941
0.632456
0.742781
0.447214
3.76471
0.685994
0.447214
0.632456
0.5547
0.5547
0.632456
24.5474
0.821995
12.4422
26.9116
0.727607
3.15741
0.632456
0.742781
0.447214
4.43472
0.447214
0.447214
24.1595
23.8432
12.2932
27.0587
0.883452
0.821995
0.727607
2.73457
0.632456
0.447214
4.09315
0.5547
0.632456
0.447214
0.5547
23.1478
12.0964
26.8269
0.727607
2.86023
0.632456
0.742781
4.46525
0.5547
0.5547
0.727607
0.5547
0.5547
0.447214
0.727607
14.8014
27.3478
0.821995
0.727607
2.32573
0.632456
0.447214
4.5213
0.447214
0.632456
0.447214
24.2514
0.784465
14.2564
27.383
0.848528
0.727607
2.41307
0.632456
0.447214
4.52002
0.5547
0.447214
0.632456
0.447214
0.447214
25.1687
0.727607
14.4923
27.0181
2.80368
0.632456
0.447214
4.1481
0.5547
0.447214
0.447214
0.5547
24.4091
1.6953
24.7661
13.9535
28.3694
0.784465
2.66789
0.632456
0.447214
4.36862
0.447214
0.727607
0.5547
0.447214
1.46726
12.4286
27.9311
0.883452
0.784465
2.80236
0.632456
2.4223
0.5547
0.5547
0.447214
0.447214
0.447214
21.5049
0.727607
11.5262
1.1767
31.187
3.0968
1.78885
0.632456
0.447214
0.5547
0.727607
0.632456
0.447214
17.0229
0.632456
0.824163
1.99893
1.26211
11.5558
2.8736
1.14262
1.75647
0.632456
38.6745
12.6132
0.447214
0.447214
0.727607
0.632456
0.447214
0.5547
16.641
0.447214
0.742781
0.632456
2.23607
1.37281
4.52548
39.7031
28.7778
0.727607
1.57568
1.9556
0.447214
0.624695
0.632456
20.0749
0.784465
3.68364
0.784465
16.0536
0.821995
0.447214
0.929981
74.2547
1.04623
1
53.8047
1.93319
1.92179
24.7955
1.21268
0.447214
6.01228
19.0958
1.18176
0.5547
75.4535
0.447214
11.7125
0.980581
0.632456
32.9961
3.85592
0.868243
0.727607
0.447214
0.5547
0.5547
0.447214
0.5547
14.746
0.5547
0.685994
0.744208
1.51637
0.848528
0.848528
21.877
0.632456
31.1751
0.5547
0.5547
62.9499
0.447214
0.447214
0.447214
44.4522
46.2658
0.980581
21.2937
0.632456
31.1801
0.447214
64.8605
0.5547
0.447214
0.447214
0.821995
0.848528
22.529
34.0479
0.632456
0.632456
0.447214
0.5547
62.9934
0.447214
0.632456
0.5547
0.447214
42.996
44.9862
21.6583
0.447214
0.744208
0.632456
32.1182
0.727607
0.5547
61.1419
0.447214
0.632456
0.447214
0.632456
20.9008
0.632456
34.3607
0.632456
63.5618
0.6
0.447214
0.5547
43.3004
0.727607
17.0897
33.3233
0.632456
0.447214
64.0011
0.5547
0.447214
0.447214
0.447214
43.4454
44.0786
19.5701
0.824163
0.742781
34.6271
0.632456
0.447214
65.1512
0.447214
0.632456
0.447214
44.3882
19.4165
34.5394
0.727607
65.1998
0.5547
0.447214
0.5547
0.447214
44.1765
20.6156
33.8232
0.447214
65.3178
0.5547
0.447214
0.632456
0.447214
44.5477
0.784465
21.3522
0.447214
32.7198
0.632456
0.447214
65.1627
0.447214
0.447214
0.5547
0.447214
0.632456
22.28
36.1634
0.447214
65.68
0.447214
0.727607
0.447214
44.8333
45.1329
20.1336
0.727607
0.824163
35.0293
0.447214
66.2602
0.447214
0.632456
20.5607
0.970142
0.632456
33.4497
0.632456
67.5018
0.624695
0.447214
0.632456
0.447214
44.7132
43.9344
0.784465
20.0661
34.8735
0.632456
0.447214
69.2617
0.447214
0.5547
45.6908
0.821995
23.3474
32.5785
0.447214
71.7001
0.447214
0.447214
0.447214
0.447214
15.5021
0.632456
0.447214
13.8487
1.96774
0.784465
0.727607
2.31513
0.632456
0.894427
0.685994
0.701646
0.447214
0.447214
33.8517
0.447214
17.6128
0.948683
9.92086
0.868243
0.784465
0.867722
1.84826
0.727607
0.632456
0.447214
0.5547
0.447214
0.447214
22.3964
0.447214
0.821995
14.9508
0.447214
0.624695
0.727607
8.58663
0.895533
0.868243
0.784465
0.899438
1.94683
0.727607
0.632456
0.447214
0.5547
0.447214
0.5547
20.9411
0.5547
0.447214
17.9357
1.05247
8.38759
0.931266
0.946059
0.895533
0.821995
0.784465
0.907959
1.69878
0.727607
0.5547
0.447214
0.447214
21.5715
0.447214
17.4239
0.632456
7.48992
0.905357
0.883452
0.980581
2.26054
0.824163
0.447214
0.5547
0.727607
0.632456
0.5547
21.0058
5.42015
0.632456
0.784465
16.3171
0.727607
1.14018
0.707107
8.79566
1
0.868243
0.848528
0.980581
1.57447
0.727607
0.447214
0.6
0.5547
0.447214
0.447214
0.5547
22.6875
0.447214
0.447214
0.821995
19.0065
8.20669
1.23901
0.848528
0.784465
1.91098
0.727607
0.447214
0.6
0.447214
0.632456
0.447214
21.883
0.5547
0.894427
17.506
0.447214
9.29864
0.868243
0.821995
1.08156
1.45521
0.447214
0.5547
0.447214
0.447214
0.5547
22.5832
0.632456
18.9708
0.632456
0.821995
6.95387
0.995893
0.868243
0.848528
1.04765
1.96245
0.447214
0.624695
0.6
0.447214
0.447214
22.6502
0.632456
18.9101
9.34917
0.883452
0.784465
2.02374
0.727607
0.447214
0.6
0.6
0.447214
0.632456
0.632456
21.6214
0.632456
19.6834
0.727607
7.2824
1.45723
0.926212
0.868243
0.980581
2.34395
0.632456
0.447214
0.5547
0.447214
0.632456
0.447214
22.1203
0.447214
0.447214
18.6412
0.632456
9.10043
0.868243
0.784465
0.907959
1.7667
0.727607
0.632456
0.447214
0.5547
0.5547
0.447214
0.447214
23.2597
0.632456
21.1693
7.73133
0.935674
0.868243
0.821995
0.927047
1.97067
0.727607
0.632456
0.447214
0.5547
0.5547
0.447214
0.447214
22.1992
0.5547
0.784465
18.1837
8.79429
0.99846
0.868243
0.848528
0.894427
0.784465
2.17189
0.727607
0.632456
0.447214
0.5547
0.6
0.447214
0.447214
22.9289
0.447214
0.447214
19.1802
8.45945
0.939552
0.920358
0.883452
0.894427
0.907959
2.08181
0.632456
0.447214
0.447214
0.632456
0.447214
21.4509
0.447214
18.4127
0.784465
8.20653
0.848528
1.19939
1.37281
0.727607
0.632456
0.5547
0.447214
20.2394
4.90181
0.5547
0.784465
19.9284
7.3882
1.45951
0.868243
0.848528
1.09469
0.447214
0.447214
0.447214
0.5547
12.9657
6.84803
0.5547
0.632456
0.9135
1.1512
21.1992
0.784465
0.824163
9.94446
0.955619
0.931266
0.821995
0.784465
0.727607
0.632456
0.742781
0.447214
0.5547
0.5547
0.447214
0.632456
0.447214
0.5547
6.22711
0.707107
5.50718
0.447214
1.09454
1
0.959233
0.848528
18.4004
8.88422
0.848528
0.727607
0.447214
0.5547
0.6
0.5547
0.742781
1.69775
0.632456
0.919145
0.5547
0.650791
3.55381
0.447214
0.784465
0.867722
0.883452
16.8406
0.447214
10.5764
0.821995
0.632456
0.447214
0.5547
0.447214
0.868243
1.13137
3.08
0.812743
3.25847
0.777029
0.447214
19.7061
9.84449
0.895533
0.727607
0.632456
0.447214
0.6
0.6
0.632456
1.45201
2.76159
0.827606
0.5547
2.08612
0.632456
0.942163
15.9184
0.727607
11.2786
0.848528
0.824163
0.447214
0.6
0.5547
0.447214
0.784465
0.970142
3.71219
0.632456
1.05337
3.90314
0.447214
0.848528
20.6913
11.4855
0.727607
0.632456
0.447214
0.5547
0.5547
0.447214
0.784465
0.784465
3.8461
0.632456
0.742781
0.447214
0.707107
2.78876
0.848528
16.9791
0.848528
0.447214
11.5142
0.821995
0.727607
0.447214
0.5547
0.447214
0.632456
1.41714
2.65778
0.742781
0.894427
1.96116
0.447214
0.447214
1
21.9985
12.0709
0.784465
0.632456
0.447214
0.6
0.5547
0.447214
0.727607
1.45521
2.45026
0.777029
1.99375
0.447214
1.36642
18.7554
12.1092
0.727607
0.632456
0.447214
0.6
0.624695
0.447214
0.632456
3.21173
0.447214
0.5547
2.60153
0.727607
0.895533
0.883452
21.1304
10.8402
0.784465
0.632456
0.447214
0.5547
0.6
0.5547
0.632456
0.727607
1.46371
2.34373
0.447214
1.99375
70.3525
48.9871
0.894427
0.707107
0.640184
22.318
1
0.819288
4.48481
17.7924
1.28037
0.447214
1.45469
20.2832
10.1366
0.784465
0.632456
0.447214
0.624695
0.6
0.447214
2.2726
0.632456
0.447214
2.55616
0.727607
0.964944
20.4215
1.26491
0.5547
11.3305
0.727607
0.632456
0.447214
0.6
0.5547
0.447214
1.35273
2.07911
0.632456
0.894427
2.11079
0.447214
0.447214
1
18.6062
1.1243
11.0653
0.926212
0.868243
0.727607
0.742781
0.447214
0.5547
0.5547
0.447214
0.727607
2.39762
0.812277
0.5547
3.85039
0.5547
0.447214
1.32518
18.4445
0.727607
11.0197
0.9135
0.727607
0.632456
0.447214
0.5547
0.5547
0.447214
3.01155
0.685994
3.62937
0.5547
0.632456
1
0.931266
19.5532
12.4978
0.895533
0.632456
0.742781
0.5547
0.6
0.447214
0.632456
3.05114
0.632456
0.447214
2.36201
0.447214
1.40556
1.2751
18.0961
0.632456
10.3911
0.784465
0.727607
0.632456
0.447214
0.5547
0.5547
0.447214
0.727607
2.0077
0.787839
0.624695
0.848528
0.948815
0.868243
19.6091
10.2305
0.784465
0.727607
0.632456
0.447214
0.5547
0.447214
0.632456
0.727607
2.43317
0.632456
0.447214
0.685994
0.5547
1.91156
0.447214
0.784465
1.1853
17.1822
0.784465
0.742781
0.447214
11.7284
0.848528
0.632456
0.447214
0.5547
0.6
0.447214
0.632456
0.727607
3.63963
0.447214
0.6
1.4072
0.447214
1.24568
1.66962
17.3231
23.0325
2
0.9135
0.447214
0.5547
1.04136
0.447214
0.953561
2.08792
0.447214
0.707107
1.15233
0.737309
0.447214
32.3604
0.447214
32.5614
0.632456
0.447214
68.2851
0.447214
64.1857
42.3249
0.447214
57.9783
0.447214
32.6578
40.6823
0.447214
80.6244
0.447214
80.52
0.447214
65.9979
67.7065
66.7643
0.632456
31.4144
38.5603
0.632456
80.4925
0.447214
80.5571
0.632456
63.626
0.447214
0.632456
30.2703
40.665
0.727607
0.447214
80.8843
76.6683
0.632456
67.99
63.7371
0.447214
0.727607
32.0689
41.0057
0.447214
80.2434
79.1669
0.447214
62.012
64.5578
64.0274
0.632456
30.0469
40.0665
0.447214
0.5547
80.73
79.2396
57.4742
0.447214
0.727607
27.9267
39.6593
0.447214
0.5547
81.0551
0.447214
80.7521
66.9595
64.0601
